1:363.0,151.0,0.70,2.42
2:255.0,130.0,0.77,1.95
3:326.0,310.0,0.87,1.05
4:357.0,359.0,0.88,1.00
5:309.0,224.0,0.87,1.44
6:367.0,351.0,0.70,2.18
7:324.0,289.0,0.30,8.10
8:255.0,238.0,0.95,1.03
9:290.0,163.0,0.82,1.87
10:248.0,210.0,0.83,1.20
11:239.0,224.0,0.90,1.07
12:204.0,270.0,0.87,1.38
13:229.0,216.0,0.89,1.00
14:260.0,248.0,0.73,1.79
15:134.0,248.0,0.34,6.57
16:161.0,159.0,0.99,1.00
17:257.0,78.0,0.58,3.31
18:265.0,193.0,0.81,1.64
19:252.0,277.0,0.88,1.07
20:315.0,351.0,0.92,1.00
21:331.0,183.0,0.82,1.85
22:262.0,236.0,0.67,2.47
23:156.0,302.0,0.24,10.03
24:248.0,234.0,0.97,1.06
25:200.0,124.0,0.88,1.61
26:126.0,61.0,0.71,2.32
27:243.0,302.0,0.77,1.00
28:216.0,317.0,0.86,1.26
29:205.0,181.0,0.86,1.14
30:80.0,263.0,0.57,3.26
31:50.0,204.0,0.50,4.25
32:132.0,133.0,0.93,1.01
33:146.0,237.0,0.86,1.62
34:221.0,121.0,0.77,1.86
35:234.0,146.0,0.85,1.61
36:295.0,285.0,0.93,1.09
37:210.0,127.0,0.80,1.68
38:332.0,130.0,0.60,2.56
39:127.0,195.0,0.34,6.79
40:171.0,176.0,0.97,1.03
41:315.0,90.0,0.55,3.70
42:354.0,133.0,0.56,2.89
43:234.0,203.0,0.92,1.15
44:320.0,327.0,0.79,1.02
45:316.0,148.0,0.74,2.14
46:334.0,114.0,0.61,2.91
47:29.0,282.0,0.25,9.43
48:316.0,255.0,0.92,1.25
49:329.0,200.0,0.79,2.06
50:288.0,151.0,0.77,1.97
51:287.0,245.0,0.87,1.38
52:263.0,368.0,0.83,1.46
53:332.0,229.0,0.90,1.51
54:318.0,281.0,0.68,2.46
55:282.0,260.0,0.36,6.78
56:190.0,215.0,0.88,1.13
57:305.0,170.0,0.84,1.83
58:257.0,146.0,0.67,2.34
59:205.0,220.0,0.84,1.07
60:283.0,288.0,0.93,1.02
61:273.0,142.0,0.76,1.90
62:264.0,266.0,0.67,2.54
63:298.0,314.0,0.47,4.81
64:201.0,195.0,0.99,1.07
65:260.0,114.0,0.75,2.27
66:206.0,76.0,0.66,2.69
67:195.0,177.0,0.85,1.06
68:234.0,291.0,0.89,1.25
69:246.0,145.0,0.82,1.71
70:241.0,233.0,0.62,2.83
71:177.0,222.0,0.33,6.53
72:204.0,203.0,0.97,1.00
73:305.0,141.0,0.75,2.17
74:247.0,194.0,0.79,1.56
75:257.0,257.0,0.92,1.30
76:282.0,335.0,0.85,1.16
77:258.0,158.0,0.81,1.62
78:303.0,248.0,0.63,2.32
79:189.0,285.0,0.29,8.29
80:109.0,109.0,0.99,1.00
81:237.0,112.0,0.78,2.12
82:254.0,195.0,0.87,1.35
83:245.0,192.0,0.71,1.45
84:397.0,280.0,0.88,1.00
85:215.0,163.0,0.87,1.32
86:191.0,224.0,0.71,2.17
87:213.0,233.0,0.43,5.28
88:189.0,189.0,0.99,1.00
89:308.0,145.0,0.74,2.15
90:235.0,114.0,0.63,2.88
91:186.0,216.0,0.86,1.03
92:171.0,298.0,0.80,1.73
93:316.0,221.0,0.83,1.47
94:164.0,288.0,0.57,2.83
95:167.0,150.0,0.37,6.11
96:199.0,192.0,0.99,1.08
97:271.0,137.0,0.82,1.97
98:188.0,64.0,0.63,2.89
99:258.0,381.0,0.88,1.45
100:239.0,346.0,0.83,1.42
101:209.0,145.0,0.86,1.45
102:219.0,241.0,0.53,1.00
103:248.0,174.0,0.41,5.76
104:271.0,250.0,0.98,1.06
105:349.0,174.0,0.71,2.08
106:202.0,120.0,0.83,1.68
107:159.0,229.0,0.80,1.58
108:200.0,323.0,0.80,1.64
109:220.0,141.0,0.81,1.56
110:158.0,252.0,0.79,1.63
111:263.0,34.0,0.32,7.69
112:231.0,210.0,0.96,1.02
113:333.0,148.0,0.75,2.24
114:285.0,130.0,0.68,2.40
115:303.0,189.0,0.82,1.64
116:239.0,340.0,0.86,1.32
117:308.0,162.0,0.72,1.99
118:376.0,331.0,0.62,2.65
119:270.0,157.0,0.35,5.96
120:253.0,242.0,0.93,1.05
121:208.0,112.0,0.75,1.85
122:187.0,120.0,0.74,1.55
123:162.0,236.0,0.82,1.57
124:213.0,281.0,0.82,1.59
125:188.0,134.0,0.81,1.51
126:235.0,70.0,0.53,3.30
127:41.0,215.0,0.38,5.11
128:112.0,163.0,0.88,1.62
129:284.0,115.0,0.71,2.52
130:214.0,65.0,0.56,3.26
131:254.0,313.0,0.83,1.24
132:221.0,344.0,0.80,1.55
133:207.0,144.0,0.81,1.58
134:364.0,335.0,0.74,2.16
135:226.0,256.0,0.50,4.39
136:247.0,282.0,0.97,1.14
137:228.0,106.0,0.76,2.17
138:207.0,96.0,0.66,2.69
139:138.0,183.0,0.86,1.33
140:189.0,266.0,0.81,1.58
141:265.0,161.0,0.84,1.64
142:301.0,255.0,0.57,2.48
143:144.0,228.0,0.35,6.33
144:180.0,175.0,0.97,1.11
145:284.0,190.0,0.87,1.23
146:272.0,190.0,0.82,1.53
147:381.0,264.0,0.86,1.02
148:231.0,330.0,0.80,1.26
149:234.0,122.0,0.79,1.93
150:247.0,261.0,0.57,3.36
151:262.0,282.0,0.34,7.13
152:212.0,223.0,0.96,1.05
153:375.0,226.0,0.85,1.65
154:367.0,243.0,0.73,1.98
155:269.0,235.0,0.80,1.16
156:325.0,359.0,0.93,1.05
157:322.0,245.0,0.88,1.34
158:191.0,363.0,0.69,2.13
159:337.0,248.0,0.38,5.97
160:237.0,252.0,0.99,1.06
161:346.0,300.0,0.85,1.16
162:192.0,240.0,0.66,2.35
163:181.0,253.0,0.85,1.34
164:263.0,338.0,0.88,1.27
165:299.0,243.0,0.75,1.00
166:293.0,333.0,0.74,1.95
167:224.0,332.0,0.39,5.89
168:270.0,277.0,0.97,1.03
169:242.0,83.0,0.62,3.02
170:195.0,142.0,0.87,1.38
171:297.0,246.0,0.89,1.21
172:120.0,225.0,0.78,1.96
173:260.0,155.0,0.85,1.73
174:272.0,286.0,0.48,3.19
175:302.0,80.0,0.37,6.63
176:173.0,192.0,0.96,1.11
177:347.0,109.0,0.62,3.17
178:315.0,166.0,0.72,2.02
179:350.0,322.0,0.85,1.14
180:325.0,286.0,0.86,1.15
181:380.0,315.0,0.87,1.27
182:372.0,136.0,0.62,2.83
183:217.0,184.0,0.24,10.01
184:282.0,224.0,0.97,1.26
185:345.0,113.0,0.60,3.05
186:258.0,63.0,0.44,4.17
187:267.0,279.0,0.85,1.04
188:153.0,233.0,0.76,1.66
189:222.0,156.0,0.84,1.51
190:348.0,97.0,0.55,3.56
191:32.0,264.0,0.31,8.04
192:241.0,253.0,0.81,1.03
193:276.0,105.0,0.64,2.62
194:250.0,107.0,0.69,2.28
195:136.0,156.0,0.83,1.12
196:155.0,207.0,0.85,1.56
197:160.0,123.0,0.83,1.40
198:231.0,123.0,0.65,2.65
199:256.0,81.0,0.41,5.59
200:242.0,165.0,0.90,1.52
201:377.0,214.0,0.84,1.76
202:317.0,193.0,0.82,1.68
203:206.0,293.0,0.85,1.42
204:334.0,322.0,0.80,1.04
205:282.0,190.0,0.78,1.43
206:326.0,88.0,0.53,3.70
207:62.0,334.0,0.43,5.32
208:382.0,352.0,0.98,1.08
209:290.0,112.0,0.68,2.60
210:195.0,110.0,0.81,1.77
211:169.0,196.0,0.87,1.13
212:224.0,278.0,0.92,1.27
213:242.0,129.0,0.78,1.95
214:312.0,263.0,0.73,1.96
215:212.0,164.0,0.33,6.90
216:222.0,162.0,0.93,1.27
217:251.0,90.0,0.63,2.83
218:224.0,127.0,0.79,1.80
219:245.0,176.0,0.89,1.39
220:173.0,296.0,0.82,1.69
221:273.0,193.0,0.85,1.44
222:230.0,306.0,0.70,1.00
223:134.0,195.0,0.57,1.00
224:191.0,201.0,0.98,1.04
225:302.0,167.0,0.79,1.82
226:228.0,206.0,0.90,1.20
227:266.0,268.0,0.86,1.14
228:298.0,322.0,0.94,1.11
229:209.0,177.0,0.87,1.37
230:329.0,145.0,0.76,2.29
231:250.0,265.0,0.26,9.44
232:205.0,210.0,0.92,1.00
233:300.0,160.0,0.79,1.99
234:185.0,125.0,0.85,1.47
235:271.0,328.0,0.83,1.23
236:265.0,291.0,0.88,1.08
237:269.0,270.0,0.87,1.00
238:176.0,387.0,0.71,2.28
239:112.0,347.0,0.61,3.36
240:273.0,246.0,0.98,1.10
241:120.0,120.0,0.92,1.03
242:91.0,43.0,0.74,2.17
243:126.0,160.0,0.77,1.26
244:344.0,264.0,0.77,1.65
245:142.0,125.0,0.91,1.06
246:95.0,294.0,0.56,3.19
247:34.0,160.0,0.35,6.70
248:162.0,184.0,0.89,1.11
249:327.0,165.0,0.82,1.99
250:248.0,96.0,0.70,2.57
251:172.0,220.0,0.87,1.27
252:399.0,229.0,0.73,1.75
253:313.0,216.0,0.84,1.45
254:162.0,292.0,0.76,2.01
255:241.0,44.0,0.34,7.30
256:225.0,229.0,0.98,1.02
257:204.0,77.0,0.69,2.70
258:159.0,58.0,0.55,2.69
259:196.0,214.0,0.84,1.12
260:169.0,209.0,0.83,1.30
261:213.0,130.0,0.81,1.70
262:128.0,253.0,0.73,2.08
263:48.0,137.0,0.28,8.22
264:167.0,150.0,0.96,1.11
265:296.0,121.0,0.70,2.44
266:254.0,112.0,0.69,2.50
267:282.0,140.0,0.80,2.07
268:246.0,222.0,0.94,1.13
269:216.0,142.0,0.85,1.62
270:237.0,361.0,0.73,1.55
271:19.0,187.0,0.24,10.29
272:140.0,137.0,0.97,1.02